11111111111111111111111111111111111111111111111111111111111111111111111111111111111111111111111111111111111111111111111111111
15011111111111111111111030011000011111111111111111111111111111110001111111001111111111111111111111301111111111001111111111111
11011111003111111111111000000000311111111111111111111111111111110002111100300000111111111111111000030111111110000111111111111
11001111101111111111111001100000011111111110111111000011111111110000011003030000011111111111110000000111111110000111111111111
11101111111111111111111111110000111111111100011110000001111111111000300200000000001111111111111000000011111110002011111111111
11101111111111111111111111111001111111111130011110000001111111111103030020000030200111111111111000030011111110000011111111111
11100111111111102001111111111111111111111103311110200031111111111100000000000302000303011111111000002311111110000111111111111
11000011111111300300001111111111111100111100111110003001111111111110001103000020300030011111200300000011111100331111111111111
11020000011110002003000111111111111003011020111111000011111111111111111110000000200000001100000000000111100200011111111111111
11330301011103000002030111111111111130111000111111111111111111111111111111300203300302000003000000001111000030111111111110001
11100030002000303000300111111111111111111101111111111111111100001111111111100000000002030000000000111110000221111111111113001
11111000000000003000002011111111111111111111111111111112000000202111111111110000000002000000000001111110000011111301111100011
11111100000000000002000011111131111111111111111111111100020002000011111111111000020003300000000001111110000111110003111100011
11111100000000000000020001111000111111111111111021111200030030000011111111111100030200000030000001111111001111100000111100111
11111130000000000000000200111300111111111111110000000000000000030011111111111111000000001110000000111111111111000001111111111
10021100000000020111000000011101111111111111100000020030300000000111111111100111102000001110000000031111111113003011111111111
10000000010111111111111102011111111113011111000111111002000033001111111111100011110000011111000000030111111100020111111111111
10300000010011111111111112001111111100001100001111111100000000111111110111100011111111111111003000000011111020000111111111111
13000000001001111111111110031111111113030000001111111112000001111111100301000111111111111111100111300011111000000111111111111
11202200002000111120111113001111111111000000001111111100000011111111100300000111111111111111111111111111111000000011111111111
11111111000000030000011110001111111111111100000111000030000111111111000000300111111111111111111111111111111100000000111111111
11111111100000030030001100003111111111111110030030030000001111111111000000000111111111111111111111111111111100000020011111111
11111111110000000003000000003111111111111110000000000000011111111111100000001111111111111111111111111111111020000300011111111
11111111111111000000000000003011113211111110000000000000011111111111120002011111111111111111111001111110000300300000001111111
11111111111111000330000003000000000001111110002300002000011111111111110000311111111111011111000000111000000030000330002231111
11111111111111000000002030203000000030111110000000000000011111111111110000001111011110001110300300000000000000002000030201111
11111111111111030000300000011100303001111110000230030000011111111111110000300110001111311110000000003000300000000000001001111
11111111111111100010320000111100011111111111000003000000201111111111110030300000001111111110000000003000000003000020011111111
11111111110001110001030001111100111111111111002000300000003111111111111000000200230111111111032003000002000003003002011111111
11111111110300111101000011111100011111111111100303020110000111101111111111000000000011001111100002023003000001110030011111111
11111111111000011101000111111300000111111111110000001111100111001111111111100300300020300111100000000000020211111000031111111
11111111111100001100000111110302020011111111111111111111111111101111111111000200110300030211110000000000000111111133000111111
11111101111102000000300111000002110001111111111111111111111111111111111110020001111000000001110000011000001111111110000111111
11111300111300020202000003000001111300011111111111111111111111111111111100000011111100303230000000111100011110001111033011111
11110000300000000000000000000300111100021110011111111111111111111111111000020111111111000003300000111102111100001111000000111
11110000000000000300002000000000011102000000301111111111111111111111000000301111111111130000033030011020111100001111030000311
11110000003000000000000003000000321100000000001111111111111111111100000000001111111111110202000000002001111100001111130000001
11100000032110030000000000000000000000000003001111111111000011111020000000001111111111110000000303000211111120001111110000031
11120200001111003300000000000000030022002000002111111111002001111000000000030111111111110200000000032111111113011111111100011
11110000001111001110000300000000000000000000000000011111000000111103011003020011111111110300000030001111111111111111111111111
11111000001111001110000000030000000111000000020000001111110030311111111100000001111111110000000000011111111111111100111111111
11111100001111001111000303000003000111110030030000200011110300011111111103003001111111111000000000111111111111111000011111111
11111110011110001111100000300000000111111120000000000000000000001111111000000030111111111020030021111101111111110230211111111
11111111111110211111102000030000300211111110200000000003000000001110020000002000311002111000011111111000111111100000011111111
11111111111113011111102000000000300021111110000000003030003000011103303011110300002000111100111111111000111111100200011111111
11111111111110001111100000300000000000111110220003000000000111111000000111110030000021111111111111110000111111100000111111111
11111111111100001111200300300000000000001100002000002003000111111003000111102030000011111111111100200031111111100001111111111
11111111000200000111000020003000020000300000300000000001100011111200000011200111002011111111111300003011111111000211111111111
11111112000000030111000030000000003000000000000003000001130301111000000002001111100011111111111003001111111111000011111111111
11111130000003001111100030000000000000000000020000000000003001111003000200001111100001111111111000011111111111002021111111111
11110300000000111111110300030000000000000000003000000000000003111100000020011111100000000003110000111111111111000030111111111
11100000110001111111111303002000000003003000000110030000003303111100000003011111110300000000000000111111111112000300000111111
11130001111001111111111100030200000000000000001110000020003001111100000000111111111300330000003000110011111120002000000011111
11100001111100111111111100301100000111111031101113000300000111111000000000111111111200033000000330000001111000011100003011111
11110311111100011110111110011110000111111111101100000011111111111000000020111111111000011203003030000000110000011100000001111
11111111111020000000211110011111000111111111101100000111111111110000000000111100111003111120000002020000000200011100000000111
11111111110000000030111120011111100111111111101110000111111111100000020000111100111000111130300000300303000000211110320030011
11111111110200030002111100011111100011111111101111301111301111130000300001111100111103111120000000000000000000111110000000011
11111111110000000000011000001111100300001111100001111110000111130020011111111100111100011302100000000000020011111111000000011
11100011111003030000000000000311000000000001111101111110000011000020111111111103011000003001110030000011000111111111103000011
11000001111100003000000300000000000000000300111101111110000020000001111100111103032300330011110003030111111111111111110000011
11100002111110001113000002000000000000002000011100000001202000000011110203011103300000200011113300200011111111111111111030011
11112000111111111110020002020011100000000002001111311101100000000111100000211100003000300011112200000003111111111111111133111
11111001111111111120000000000111110000030000001110001101110200000011000000311100023033000011100001100000001111111111111111111
11111111111111111100000000301111110000003030001100300100111020000323300001111100000000000111100011110020300111111111111111111
11111111111111111100302032211111110000000000001120020000111003000030300011111110220003000111000111110000033002111111111111111
11111111111111111100000000011111100330000300001110030000110030000000003011111111302002300320001111111200000020011111111111111
11111111111111111110011110011111130000030000001110000000112030020000000111111111100000200000301111111020003002011111111111111
11111111111111111111111111001111100000031110000000000000111000030003011111111111100300003000001111111100003300031111111111111
11100211111111111111111111100111110000011111002003000300211100022011111111100030000030030020201111111111113000300000111111111
11000000111111111111111111100000111000011111130000200000031000003311111111000003030001110000111110311111111300002000001100111
11003300011111111111111111130000211133001111110300000000000003000011111110000033011111111111111100001111111030000000000000011
11000000000111111111111111100000001113000111111003020000003000000000011110300000011111130111111000001111110000000303300020011
10000000000011111110001111101110301111003011111000000000000000000300002030300330200111020000303000011111102300030002200000011
10203111003011111100000111111111111111000311110000000000000000000200000003110000000000230000000000011111000000000330000000111
10000111100001111000020111111111111111120001100000000010000011000111100001111002111000000000003200111100000003022330011111111
10200011100001111003003111111111111111103000000303000111300111101111111111111001111111112200000000011000011100000000111111111
11000011110032110003201111111111111111110002200000000212003111100111111111110001111111111000000003000203111111000301111111111
11111111111300000020011111111111001111111002003111022003300111110000111112020031111111111100002003000301111111100000110011111
11111111111000000000111111111000000111111100021111100000001111111110011102000301111011111111100000000011111111100000003011111
11111111111100110000111111110020000011111100211111100300111111111111001000000011110001111111110032011111111111110300000011111
11111111111111111000111111110300000021111111111111110001111111100011100000200111110301111111111030111110000001111113011111111
11110000011111111000011111100000000200111111111111111111111111000301111100000011110000111111111111111100320000111111111111111
11100000000000110000031111330000000000111111111111111111111111000000111111111011110000011111111111111000020022001111111111111
11100000000000000000320113000000000001111111111111111111111111100000011111111000110000001111001111110000000000000111111100011
11103200000000000000000300000111000001111110311111111111111111113030011111111110000303000000000111102000000000000011111100011
11110320000000000000300000311111102031111100001111111111111111111300011111113003000000000300000011000020000031110111111033011
11111030000003020030000000111111110011111000031111011111111111111002031111100000030000000111000000002010000001111111110032011
11111100011000000000003000111111111111111100011111000000300111111020001111130000000000001111100000002000000021111111110000111
11111111111100000011000003311111111111111111111111110020003011110030031111000030000000111111110000000000000200000111100002111
11111111111120003111113002000011111111111111111111111230000011100200001100000030111110011111111000000000000000000011100000111
11111111111000001111111300000011111111111111111111111200000311100020000023000000111111011111111111300000002110003311120001111
11111111110200001111111000003011111111111111111111111000003111300300000200000001111111011111111111100030011111000201112031111
11111111103000000111111100000111111111111111113001110030001110230203030000000011111111001111111111100000111111030200110000111
11111111100000200011111100200111111111111111110031100000001110000003000010030011111111101111111111110003111111000000030000011
11001111003000300011111000000011111111111111111111100030030100000000001111000011111111100011111111111031111110030000000000011
10200110000000200111110000030011110011111111111111110000000000000020211110000001111111111000011111111111111110300303000020011
10003000000001111111100000300011100003011120001111110000200030001111111110030001111111111000011110011111111110300000000000011
10000022030311111111110000000111100000030000000011100000000003001111111110000011111111111000001100200001111110000032000000301
10000000000111111111111110000111113010000003030000003200030000011111111111030031111111110000000000003023111100000003300200001
10330000031111110011111111000111111111000000000000023000030020011111111111100000301111110300011000000000111130220000030003001
10021100301111110000111111300311111111320023030000003003000020111111111111130000200011100000001100030000111103000000000000001
10011110011111111300311111100002000112202000000002000000000000011111111111103000200001100000000000000000111100030000003000031
10011111111111111000001111120303000000002001130000030200300000031111111111110000300001103000002000000000011100000000000000001
10001111111111111003000111110000020000030211113001000020000000300111111111111300000201110000000030000000011100200000011000301
10000011111111111000020011110032030000000011111111100000000000000111111111111100300000100000000000000003011100000000111130301
10300030111111111000002001100000020000000001111111000300030030300111111111111110000030000300000111130330011110000200111103001
10300002011111111030000200200200200000003001111113000000000000000011111111111110000000000000001111132000000000000000311033001
11000022011111111100000000300110000002000001111103000000030000000000000001111111000000030000001111133300001111001030002000011
11111100301111111111000000001111000000000011111033000000000030020003000000111111100000111110000111110000003001101100030011111
11111110001111111111100000001111020000311111110000000003000301100300002000011111110001111110000111111110000300101111111111111
11111111111111111111100030001111020300111111100000000020000300102000000000030111111111111110200011111111000000101111111111111
11111111111111111111110000000110000000111111000030000000003032020000003000000011111111111110000011111111110201100011111111111
11111111111111111111111110033320300001111111200302000000000300000200000000000011111111111110000011111111111111111000011111111
11111111111111111111111111000000000011111111000000000000000000001112030000000011111111111100000111111111111111111111010000111
11111111111111111111111111000000031111111111120000000000000000011111000000000301111000111020011111111111001111111111000002111
11111111111111111111111111000000211111111111111111000001110030011111103300000000000000311000111111110000000111111111000000111
11111111111111111001111110020000111111111111111111103001113200111111100000030000000220311101111111100000000001111111000000111
11111111111111110300111110003011111111111110011111100201110301111111110000000000000003011111111111100000001101111111122000111
11111111111111100000011110003111111111111100001111100011100011111111110000000003111000111111111111100000011111111111111000011
11100001111110300000211130001111111111111103031111103311100011111111111303000011111111111111111111113000311111111111111000001
11200002111113300200111100001111111111111110211111110111110011111111111100030111111111111111111111111000111111111011111000001
11000003111110011111111100001111111111111111111111111111111111111111111111111111111111111111111111111111111111110011111000001
11100001111111111111111110311111111111111111111111111111111111111111111111111111111111111111111111111111111111111011111100411
11111111111111111111111111111111111111111111111111111111111111111111111111111111111111111111111111111111111111111111111111111
